module test_exclusive_or() {
  R8 = [right(8,square(10,center=true)), left(8,square(10,center=true))];
  R9 = [back(8,square(10,center=true)), fwd(8,square(10,center=true))];
  assert(are_regions_equal(exclusive_or(R8,R9),[[[-5, -5], [-13, -5], [-13, 5], [-5, 5], [-5, 3], [-3, 3], [-3, -3], [-5, -3]], [[-3, -5], [-5, -5], [-5, -13], [5, -13], [5, -5], [3, -5], [3, -3], [-3, -3]], [[-5, 5], [-3, 5], [-3, 3], [3, 3], [3, 5], [5, 5], [5, 13], [-5, 13]], [[3, -3], [3, 3], [5, 3], [5, 5], [13, 5], [13, -5], [5, -5], [5, -3]]],either_winding=true));
  assert(are_regions_equal(exclusive_or(R9,R8),[[[-5, -5], [-13, -5], [-13, 5], [-5, 5], [-5, 3], [-3, 3], [-3, -3], [-5, -3]], [[-3, -5], [-5, -5], [-5, -13], [5, -13], [5, -5], [3, -5], [3, -3], [-3, -3]], [[-5, 5], [-3, 5], [-3, 3], [3, 3], [3, 5], [5, 5], [5, 13], [-5, 13]], [[3, -3], [3, 3], [5, 3], [5, 5], [13, 5], [13, -5], [5, -5], [5, -3]]],either_winding=true));  

  p = turtle(["move",100,"left",144], repeat=4);
  p2 = move(-centroid(p),p);
  p3 = polygon_parts(p2);
  p4 = exclusive_or(p3,square(51,center=true));

  star_square = [[[-50, -16.2459848116], [-25.5, -16.2459848116],
  [-25.5, 1.55430712449]], [[-7.45841874701, 25.5], [-30.9016994375,
  42.5325404176], [-25.3674915789, 25.5]], [[-19.0983005625,
  6.20541401733], [-25.5, 1.55430712449], [-25.5, 25.5],
  [-25.3674915789, 25.5]], [[-11.803398875, -16.2459848116],
  [-19.0983005625, 6.20541401733], [-3.5527136788e-15, 20.0811415886],
  [19.0983005625, 6.20541401733], [11.803398875, -16.2459848116]],
  [[7.45841874701, 25.5], [0, 20.0811415886], [-7.45841874701, 25.5]],
  [[25.3674915789, 25.5], [7.45841874701, 25.5], [30.9016994375,
  42.5325404176]], [[25.5, 1.55430712449], [19.0983005625,
  6.20541401733], [25.3674915789, 25.5], [25.5, 25.5]], [[25.5,
  -16.2459848116], [25.5, 1.55430712449], [50, -16.2459848116]],
  [[8.79658707105, -25.5], [11.803398875, -16.2459848116], [25.5,
  -16.2459848116], [25.5, -25.5]], [[-8.79658707105, -25.5],
  [8.79658707105, -25.5], [0, -52.5731112119]], [[-25.5,
  -16.2459848116], [-11.803398875, -16.2459848116], [-8.79658707105,
  -25.5], [-25.5, -25.5]]];
  assert(are_regions_equal(exclusive_or(p3,square(51,center=true)),star_square,either_winding=true));
  assert(are_regions_equal(exclusive_or(square(51,center=true),p3),star_square,either_winding=true));

}
test_exclusive_or();