module test_turtle() {
    assert_approx(
        turtle([
            "move", 10,
            "ymove", 5,
            "xmove", 5,
            "xymove", [10,15],
            "left", 135,
            "untilx", 0,
            "turn", 90,
            "untily", 0,
            "right", 135,
            "arcsteps", 5,
            "arcright", 15, 30,
            "arcleft", 15, 30,
            "arcsteps", 0,
            "arcrightto", 15, 90,
            "arcleftto", 15, 180,
            "jump", [10,10],
            "xjump", 15,
            "yjump", 15,
            "angle", 30,
            "length", 15,
            "right",
            "move",
            "scale", 2,
            "left",
            "move",
            "addlength", 5,
            "repeat", 3, ["move"],
        ], $fn=24),
        [[0,0],[10,0],[10,5],[15,5],[25,20],[-3.5527136788e-15,45],[-45,0],[-44.8716729206,1.9578928833],[-44.4888873943,3.88228567654],[-43.8581929877,5.74025148548],[-42.9903810568,7.5],[-42.1225691259,9.25974851452],[-41.4918747192,11.1177143235],[-41.1090891929,13.0421071167],[-40.9807621135,15],[-41.0157305757,16.0236362005],[-41.120472923,17.0424997364],[-41.2945007983,18.0518401958],[-41.5370028033,19.0469515674],[-41.8468482818,20.0231941826],[-42.222592591,20.9760163477],[-42.6624838375,21.900975566],[-43.1644710453,22.7937592505],[-43.7262137184,23.6502048317],[-44.345092753,24.4663191649],[-45.0182226494,25.2382971483],[-45.7424649653,25.9625394642],[-46.5144429486,26.6356693606],[-47.3305572818,27.2545483952],[-48.187002863,27.8162910682],[-49.0797865476,28.318278276],[-50.0047457658,28.7581695226],[-50.957567931,29.1339138318],[-51.9338105462,29.4437593102],[-52.9289219177,29.6862613152],[-53.9382623771,29.8602891905],[-54.9571259131,29.9650315379],[-55.9807621135,30],[10,10],[15,10],[15,15],[2.00961894323,22.5],[-27.9903810568,22.5],[-62.9903810568,22.5],[-97.9903810568,22.5],[-132.990381057,22.5]]
    );
}
test_turtle();