module test_mask2d_ogee() {
    $fn=24;
    assert_approx(
        mask2d_ogee([
            "xstep",1,  "ystep",1,  // Starting shoulder.
            "fillet",5, "round",5,  // S-curve.
            "ystep",1,  "xstep",1   // Ending shoulder.
        ]),
        [[12,-0.01],[-0.01,-0.01],[-0.01,12],[1,12],[1,11],[1.32701564615,10.9892946162],[1.6526309611,10.9572243069],[1.97545161008,10.903926402],[2.29409522551,10.8296291314],[2.60719732652,10.7346506475],[2.91341716183,10.6193976626],[3.2114434511,10.4843637077],[3.5,10.3301270189],[3.7778511651,10.1573480615],[4.04380714504,9.96676670146],[4.2967290755,9.75919903739],[4.53553390593,9.53553390593],[4.75919903739,9.2967290755],[4.96676670146,9.04380714504],[5.15734806151,8.7778511651],[5.33012701892,8.5],[5.48436370766,8.2114434511],[5.61939766256,7.91341716183],[5.73465064748,7.60719732652],[5.82962913145,7.29409522551],[5.90392640202,6.97545161008],[5.95722430687,6.6526309611],[5.98929461619,6.32701564615],[6,6],[6.01070538381,5.67298435385],[6.04277569313,5.3473690389],[6.09607359798,5.02454838992],[6.17037086855,4.70590477449],[6.26534935252,4.39280267348],[6.38060233744,4.08658283817],[6.51563629234,3.7885565489],[6.66987298108,3.5],[6.84265193849,3.2221488349],[7.03323329854,2.95619285496],[7.24080096261,2.7032709245],[7.46446609407,2.46446609407],[7.7032709245,2.24080096261],[7.95619285496,2.03323329854],[8.2221488349,1.84265193849],[8.5,1.66987298108],[8.7885565489,1.51563629234],[9.08658283817,1.38060233744],[9.39280267348,1.26534935252],[9.70590477449,1.17037086855],[10.0245483899,1.09607359798],[10.3473690389,1.04277569313],[10.6729843538,1.01070538381],[11,1],[11,0],[12,0]]
    );
}
test_mask2d_ogee();