function nema_motor_info(size) =
    let(
        info_arr = [
            [ 6, [ 14.0, 1.50, 11.0, 11.50, 1.6,  2.5,  4.00]],
            [ 8, [ 20.3, 1.50, 16.0, 15.40, 2.0,  2.5,  4.00]],
            [11, [ 28.2, 1.50, 22.0, 23.11, 2.6,  3.0,  5.00]],
            [14, [ 35.2, 2.00, 22.0, 26.00, 3.0,  4.5,  5.00]],
            [17, [ 42.3, 2.00, 22.0, 31.00, 3.0,  4.5,  5.00]],
            [23, [ 57.0, 1.60, 38.1, 47.00, 5.1,  4.8,  6.35]],
            [34, [ 86.0, 2.00, 73.0, 69.60, 6.5, 10.0, 14.00]],
            [42, [110.0, 1.50, 55.5, 88.90, 8.5, 12.7, 19.00]],
        ],
        found = [for(info=info_arr) if(info[0]==size) info[1]]
    )
    assert(found, "Unsupported NEMA size.")
    found[0];



// vim: expandtab tabstop=4 shiftwidth=4 softtabstop=4 nowrap