use <voxel/vx_gray.scad>
use <shape_taiwan.scad>

levels = [
	[0, 0, 0, 0, 0, 0, 0, 0, 0, 0, 0, 0, 0, 0, 0, 0, 0, 0, 0, 0, 0, 0, 0, 0, 0, 0, 0, 0, 0, 0, 0, 0, 0, 0, 0, 0, 0, 0, 42, 30, 40, 32, 22, 62, 0, 0, 0, 0, 0, 0, 0, 0, 0, 0, 0, 0, 0, 0, 0, 0, 0, 0, 0, 0, 0, 0, 0, 0, 0, 0, 0, 0, 0, 0, 0, 0, 0],
	[0, 0, 0, 0, 0, 0, 0, 53, 37, 32, 38, 45, 0, 0, 0, 0, 0, 0, 0, 0, 0, 0, 0, 0, 0, 0, 0, 0, 0, 0, 0, 0, 0, 0, 0, 0, 0, 33, 31, 218, 215, 219, 215, 210, 0, 0, 0, 0, 0, 0, 0, 0, 0, 0, 0, 0, 0, 0, 0, 0, 0, 0, 0, 0, 0, 0, 0, 0, 0, 0, 0, 0, 0, 0, 0, 0, 0],
	[0, 0, 0, 0, 0, 0, 0, 32, 140, 228, 110, 27, 33, 215, 0, 0, 0, 0, 0, 0, 0, 0, 0, 0, 0, 0, 0, 0, 0, 0, 0, 0, 0, 0, 0, 160, 81, 43, 176, 218, 208, 205, 208, 214, 192, 0, 0, 0, 0, 0, 0, 0, 0, 0, 0, 0, 0, 0, 0, 0, 0, 0, 0, 0, 0, 0, 0, 0, 0, 0, 0, 0, 0, 0, 0, 0, 0],
	[0, 0, 0, 0, 0, 0, 156, 218, 213, 211, 216, 193, 44, 117, 242, 191, 0, 0, 0, 0, 0, 0, 0, 0, 0, 0, 0, 0, 0, 0, 0, 0, 0, 0, 0, 138, 38, 77, 214, 213, 212, 212, 213, 213, 212, 0, 0, 0, 0, 0, 0, 0, 0, 0, 0, 0, 0, 0, 0, 0, 0, 0, 0, 0, 0, 0, 0, 0, 0, 0, 0, 0, 0, 0, 0, 0, 0],
	[0, 0, 0, 0, 0, 0, 204, 215, 213, 214, 213, 210, 225, 92, 22, 25, 44, 0, 0, 0, 0, 0, 0, 0, 0, 0, 0, 0, 0, 0, 0, 0, 0, 0, 31, 38, 36, 225, 219, 212, 212, 212, 212, 212, 215, 0, 0, 0, 0, 0, 0, 0, 0, 0, 0, 0, 0, 0, 0, 0, 0, 0, 0, 0, 0, 0, 0, 0, 0, 0, 0, 0, 0, 0, 0, 0, 0],
	[0, 0, 0, 0, 0, 0, 201, 218, 214, 212, 212, 210, 212, 214, 185, 25, 37, 39, 0, 0, 0, 156, 43, 159, 49, 100, 155, 37, 157, 153, 149, 0, 0, 33, 35, 32, 191, 205, 210, 212, 212, 213, 212, 212, 214, 0, 0, 0, 0, 0, 0, 0, 0, 0, 0, 0, 0, 0, 0, 0, 0, 0, 0, 0, 0, 0, 0, 0, 0, 0, 0, 0, 0, 0, 0, 0, 0],
	[0, 0, 0, 0, 0, 0, 194, 212, 213, 212, 213, 213, 213, 213, 212, 230, 42, 33, 137, 33, 157, 153, 37, 156, 72, 102, 157, 36, 159, 153, 159, 60, 92, 161, 37, 110, 214, 212, 211, 212, 213, 213, 212, 217, 214, 0, 0, 0, 0, 0, 0, 0, 0, 0, 0, 0, 0, 0, 0, 0, 0, 0, 0, 0, 0, 0, 0, 0, 0, 0, 0, 0, 0, 0, 0, 0, 0],
	[0, 0, 0, 0, 0, 0, 163, 213, 213, 212, 213, 212, 212, 213, 211, 215, 206, 196, 192, 25, 140, 155, 40, 157, 86, 95, 163, 44, 156, 153, 152, 28, 184, 191, 191, 222, 212, 212, 213, 213, 213, 212, 213, 213, 216, 0, 0, 0, 0, 0, 0, 0, 0, 0, 0, 0, 0, 0, 0, 0, 0, 0, 0, 0, 0, 0, 0, 0, 0, 0, 0, 0, 0, 0, 0, 0, 0],
	[0, 0, 0, 0, 0, 0, 0, 214, 213, 212, 213, 213, 212, 212, 213, 217, 195, 198, 195, 94, 116, 154, 50, 161, 117, 107, 156, 55, 151, 152, 142, 36, 200, 187, 197, 194, 211, 212, 214, 213, 212, 213, 213, 211, 212, 0, 0, 0, 0, 0, 0, 0, 0, 0, 0, 0, 0, 0, 0, 0, 0, 0, 0, 0, 0, 0, 0, 0, 0, 0, 0, 0, 0, 0, 0, 0, 0],
	[0, 0, 0, 0, 0, 0, 0, 217, 213, 213, 213, 212, 213, 213, 211, 193, 194, 195, 195, 152, 104, 154, 68, 160, 151, 153, 156, 69, 152, 151, 117, 106, 195, 194, 194, 192, 195, 212, 213, 213, 213, 213, 214, 214, 190, 0, 0, 0, 0, 0, 0, 0, 0, 0, 0, 0, 0, 0, 0, 0, 0, 0, 0, 0, 0, 0, 0, 0, 0, 0, 0, 0, 0, 0, 0, 0, 0],
	[0, 0, 0, 0, 0, 0, 0, 208, 213, 213, 213, 212, 211, 212, 200, 193, 195, 194, 193, 178, 95, 154, 83, 153, 152, 146, 146, 76, 153, 151, 73, 167, 193, 193, 194, 193, 193, 194, 212, 213, 213, 212, 210, 211, 0, 0, 0, 0, 0, 0, 0, 0, 0, 0, 0, 0, 0, 0, 0, 0, 0, 0, 0, 0, 0, 0, 0, 0, 0, 0, 0, 0, 0, 0, 0, 0, 0],
	[0, 0, 0, 0, 0, 0, 0, 175, 214, 212, 212, 211, 214, 202, 192, 193, 193, 193, 191, 189, 82, 153, 106, 148, 88, 137, 157, 86, 150, 154, 39, 192, 193, 193, 194, 193, 194, 192, 200, 211, 212, 213, 212, 214, 0, 0, 0, 0, 0, 0, 0, 0, 0, 0, 0, 0, 0, 0, 0, 0, 0, 0, 0, 0, 0, 0, 0, 0, 0, 0, 0, 0, 0, 0, 0, 0, 0],
	[0, 0, 0, 0, 0, 0, 0, 0, 214, 212, 212, 215, 212, 194, 191, 194, 192, 195, 194, 196, 95, 155, 123, 144, 71, 94, 151, 90, 151, 158, 37, 198, 192, 194, 194, 193, 194, 196, 193, 199, 210, 214, 211, 208, 0, 0, 0, 0, 0, 0, 0, 0, 0, 0, 0, 0, 0, 0, 0, 0, 0, 0, 0, 0, 0, 0, 0, 0, 0, 0, 0, 0, 0, 0, 0, 0, 0],
	[0, 0, 0, 0, 0, 0, 0, 0, 208, 211, 215, 215, 195, 196, 190, 237, 234, 234, 199, 202, 101, 150, 131, 142, 74, 97, 169, 112, 142, 203, 48, 199, 190, 230, 229, 211, 194, 199, 193, 190, 198, 214, 215, 177, 0, 0, 0, 0, 0, 0, 0, 0, 0, 0, 0, 0, 0, 0, 0, 0, 0, 0, 0, 0, 0, 0, 0, 0, 0, 0, 0, 0, 0, 0, 0, 0, 0],
	[0, 0, 0, 0, 0, 0, 0, 0, 0, 212, 211, 197, 197, 193, 137, 81, 56, 28, 94, 234, 116, 185, 155, 139, 115, 135, 159, 127, 156, 234, 124, 28, 106, 40, 78, 105, 114, 61, 137, 197, 191, 201, 214, 0, 0, 0, 0, 0, 0, 0, 0, 0, 0, 0, 0, 0, 0, 0, 0, 0, 0, 0, 0, 0, 0, 0, 0, 0, 0, 0, 0, 0, 0, 0, 0, 0, 0],
	[0, 0, 0, 0, 0, 0, 0, 0, 0, 207, 211, 189, 115, 46, 78, 203, 49, 189, 42, 62, 176, 212, 154, 150, 158, 152, 154, 145, 151, 240, 42, 189, 44, 27, 181, 184, 199, 108, 32, 33, 170, 192, 208, 0, 0, 0, 0, 0, 0, 0, 0, 0, 0, 0, 0, 0, 0, 0, 0, 0, 0, 0, 0, 0, 0, 0, 0, 0, 0, 0, 0, 0, 0, 0, 0, 0, 0],
	[0, 0, 0, 0, 0, 0, 0, 0, 0, 0, 204, 157, 29, 211, 132, 209, 35, 75, 41, 32, 214, 233, 147, 152, 152, 152, 152, 151, 192, 244, 41, 133, 73, 32, 160, 213, 171, 195, 165, 30, 36, 40, 0, 0, 0, 0, 0, 0, 0, 0, 0, 0, 0, 0, 0, 0, 0, 0, 0, 0, 0, 0, 0, 0, 0, 0, 0, 0, 0, 0, 0, 0, 0, 0, 0, 0, 0],
	[0, 0, 0, 0, 0, 0, 0, 0, 0, 0, 195, 36, 94, 198, 131, 206, 36, 36, 35, 204, 123, 244, 153, 153, 152, 152, 152, 149, 239, 236, 144, 53, 31, 36, 188, 190, 196, 192, 195, 203, 84, 42, 0, 0, 0, 0, 0, 0, 0, 0, 0, 0, 0, 0, 0, 0, 0, 0, 0, 0, 0, 0, 0, 0, 0, 0, 0, 0, 0, 0, 0, 0, 0, 0, 0, 0, 0],
	[0, 0, 0, 0, 0, 0, 0, 0, 0, 0, 49, 28, 189, 206, 215, 105, 192, 170, 206, 213, 113, 242, 158, 152, 152, 152, 152, 148, 243, 190, 216, 209, 183, 186, 190, 179, 204, 219, 202, 191, 197, 198, 0, 0, 0, 0, 0, 0, 0, 0, 0, 0, 0, 0, 0, 0, 0, 0, 0, 0, 0, 0, 0, 0, 0, 0, 0, 0, 0, 0, 0, 0, 0, 0, 0, 0, 0],
	[0, 0, 0, 0, 0, 0, 0, 0, 0, 0, 40, 117, 220, 236, 189, 225, 89, 164, 172, 106, 151, 240, 162, 151, 152, 153, 152, 154, 239, 206, 77, 161, 176, 115, 161, 225, 188, 208, 244, 237, 217, 201, 0, 0, 0, 0, 0, 0, 0, 0, 0, 0, 0, 0, 0, 0, 0, 0, 0, 0, 0, 0, 0, 0, 0, 0, 0, 0, 0, 0, 0, 0, 0, 0, 0, 0, 0],
	[0, 0, 0, 0, 0, 0, 0, 0, 0, 0, 147, 241, 241, 179, 194, 194, 206, 234, 228, 201, 194, 203, 184, 151, 153, 155, 155, 151, 190, 192, 195, 221, 232, 242, 209, 192, 193, 192, 231, 241, 243, 240, 0, 0, 0, 0, 0, 0, 0, 0, 0, 0, 0, 0, 0, 0, 0, 0, 0, 0, 0, 0, 0, 0, 0, 0, 0, 0, 0, 0, 0, 0, 0, 0, 0, 0, 0],
	[0, 0, 0, 0, 0, 0, 0, 0, 0, 0, 146, 242, 205, 162, 134, 168, 194, 190, 191, 194, 194, 198, 95, 155, 155, 155, 154, 151, 158, 193, 193, 197, 189, 190, 190, 199, 199, 195, 190, 215, 243, 242, 0, 0, 0, 0, 0, 0, 0, 0, 0, 0, 0, 0, 0, 0, 0, 0, 0, 0, 0, 0, 0, 0, 0, 0, 0, 0, 0, 0, 0, 0, 0, 0, 0, 0, 0],
	[0, 0, 0, 0, 0, 0, 0, 0, 0, 0, 0, 200, 36, 25, 106, 151, 191, 193, 190, 191, 193, 231, 143, 172, 168, 180, 171, 176, 74, 199, 187, 198, 194, 195, 194, 148, 34, 71, 204, 193, 196, 211, 139, 0, 0, 0, 0, 0, 0, 0, 0, 0, 0, 0, 0, 0, 0, 0, 0, 0, 0, 0, 0, 0, 0, 0, 0, 0, 0, 0, 0, 0, 0, 0, 0, 0, 0],
	[0, 0, 0, 0, 0, 0, 0, 0, 0, 0, 0, 31, 36, 195, 193, 198, 195, 192, 194, 196, 238, 244, 68, 185, 171, 177, 173, 175, 87, 206, 82, 196, 193, 189, 195, 198, 168, 32, 36, 81, 128, 92, 146, 0, 0, 0, 0, 0, 0, 0, 0, 0, 0, 0, 0, 0, 0, 0, 0, 0, 0, 0, 0, 0, 0, 0, 0, 0, 0, 0, 0, 0, 0, 0, 0, 0, 0],
	[0, 0, 0, 0, 0, 0, 0, 0, 0, 0, 0, 39, 131, 198, 193, 192, 195, 194, 193, 219, 153, 77, 240, 143, 181, 175, 161, 120, 214, 130, 237, 187, 195, 192, 198, 185, 194, 200, 42, 41, 40, 33, 94, 0, 0, 0, 0, 0, 0, 0, 0, 0, 0, 0, 0, 0, 0, 0, 0, 0, 0, 0, 0, 0, 0, 0, 0, 0, 0, 0, 0, 0, 0, 0, 0, 0, 0],
	[0, 0, 0, 0, 0, 0, 0, 0, 0, 0, 0, 0, 196, 192, 192, 193, 194, 194, 188, 239, 113, 161, 235, 242, 181, 178, 226, 243, 242, 111, 38, 168, 192, 190, 191, 193, 194, 204, 220, 203, 169, 189, 230, 0, 0, 0, 0, 0, 0, 0, 0, 0, 0, 0, 0, 0, 0, 0, 0, 0, 0, 0, 0, 0, 0, 0, 0, 0, 0, 0, 0, 0, 0, 0, 0, 0, 0],
	[0, 0, 0, 0, 0, 0, 0, 0, 0, 0, 0, 164, 196, 189, 194, 189, 197, 211, 236, 236, 218, 214, 244, 239, 241, 97, 240, 244, 243, 243, 217, 234, 243, 242, 243, 244, 243, 244, 244, 244, 242, 246, 239, 0, 0, 0, 0, 0, 0, 0, 0, 0, 0, 0, 0, 0, 0, 0, 0, 0, 0, 0, 0, 0, 0, 0, 0, 0, 0, 0, 0, 0, 0, 0, 0, 0, 0],
	[0, 0, 0, 0, 0, 0, 0, 0, 0, 0, 0, 157, 231, 216, 226, 240, 244, 240, 242, 244, 199, 206, 245, 243, 126, 161, 46, 241, 244, 234, 199, 234, 240, 244, 244, 245, 244, 244, 245, 245, 244, 242, 171, 0, 0, 0, 0, 0, 0, 0, 0, 0, 0, 0, 0, 0, 0, 0, 0, 0, 0, 0, 0, 0, 0, 0, 0, 0, 0, 0, 0, 0, 0, 0, 0, 0, 0],
	[0, 0, 0, 0, 0, 0, 0, 0, 0, 0, 0, 0, 239, 242, 242, 246, 242, 244, 243, 124, 219, 243, 235, 139, 104, 245, 240, 48, 102, 194, 49, 203, 241, 245, 245, 245, 244, 245, 245, 242, 240, 172, 151, 0, 0, 0, 0, 0, 0, 0, 0, 0, 0, 0, 0, 0, 0, 0, 0, 0, 0, 0, 0, 0, 0, 0, 0, 0, 0, 0, 0, 0, 0, 0, 0, 0, 0],
	[0, 0, 0, 0, 0, 0, 0, 0, 0, 0, 0, 0, 168, 205, 240, 241, 243, 245, 246, 242, 131, 50, 70, 213, 241, 242, 240, 235, 224, 197, 212, 236, 246, 245, 246, 245, 243, 243, 242, 236, 161, 157, 146, 0, 0, 0, 0, 0, 0, 0, 0, 0, 0, 0, 0, 0, 0, 0, 0, 0, 0, 0, 0, 0, 0, 0, 0, 0, 0, 0, 0, 0, 0, 0, 0, 0, 0],
	[0, 0, 0, 0, 0, 0, 0, 0, 0, 0, 0, 0, 41, 121, 151, 159, 206, 235, 240, 244, 241, 242, 244, 99, 82, 94, 44, 210, 240, 242, 240, 244, 243, 245, 243, 243, 242, 230, 184, 150, 155, 75, 32, 56, 0, 0, 0, 0, 0, 0, 0, 0, 0, 0, 0, 0, 0, 0, 0, 0, 0, 0, 0, 0, 0, 0, 0, 0, 0, 0, 0, 0, 0, 0, 0, 0, 0],
	[0, 0, 0, 0, 0, 0, 0, 0, 0, 0, 0, 0, 46, 38, 62, 166, 148, 148, 153, 207, 243, 243, 241, 243, 240, 237, 244, 246, 246, 246, 244, 241, 245, 241, 196, 152, 149, 159, 141, 58, 36, 39, 44, 41, 0, 0, 0, 0, 0, 0, 0, 0, 0, 0, 0, 0, 0, 0, 0, 0, 0, 0, 0, 0, 0, 0, 0, 0, 0, 0, 0, 0, 0, 0, 0, 0, 0],
	[0, 0, 0, 0, 0, 0, 0, 0, 0, 0, 0, 0, 60, 41, 38, 34, 68, 113, 141, 151, 153, 177, 235, 244, 246, 246, 246, 246, 246, 246, 243, 215, 156, 92, 68, 71, 53, 35, 34, 37, 40, 36, 34, 31, 0, 0, 0, 0, 0, 0, 0, 0, 0, 0, 0, 0, 0, 0, 0, 0, 0, 0, 0, 0, 0, 0, 0, 0, 0, 0, 0, 0, 0, 0, 0, 0, 0],
	[0, 0, 0, 0, 0, 0, 0, 0, 0, 0, 0, 0, 71, 31, 29, 39, 42, 29, 37, 30, 60, 161, 144, 222, 246, 246, 246, 246, 246, 246, 242, 137, 152, 148, 142, 140, 124, 117, 129, 131, 135, 141, 149, 157, 0, 0, 0, 0, 0, 0, 0, 0, 0, 0, 0, 0, 0, 0, 0, 0, 0, 0, 0, 0, 0, 0, 0, 0, 0, 0, 0, 0, 0, 0, 0, 0, 0],
	[0, 0, 0, 0, 0, 0, 0, 0, 0, 0, 0, 0, 0, 153, 149, 141, 127, 116, 96, 88, 108, 153, 147, 234, 246, 246, 246, 246, 246, 246, 239, 229, 206, 203, 188, 182, 172, 169, 168, 163, 165, 166, 161, 166, 151, 0, 0, 0, 0, 0, 0, 0, 0, 0, 0, 0, 0, 0, 0, 0, 0, 0, 0, 0, 0, 0, 0, 0, 0, 0, 0, 0, 0, 0, 0, 0, 0],
	[0, 0, 0, 0, 0, 0, 0, 0, 0, 0, 0, 0, 0, 154, 154, 152, 153, 147, 158, 160, 156, 198, 244, 243, 246, 247, 247, 247, 247, 246, 240, 203, 93, 56, 56, 202, 245, 245, 245, 238, 232, 210, 148, 243, 217, 0, 0, 0, 0, 0, 0, 0, 0, 0, 0, 0, 0, 0, 0, 0, 0, 0, 0, 0, 0, 0, 0, 0, 0, 0, 0, 0, 0, 0, 0, 0, 0],
	[0, 0, 0, 0, 0, 0, 0, 0, 0, 0, 0, 0, 0, 211, 204, 205, 210, 217, 230, 58, 38, 30, 137, 245, 246, 247, 247, 247, 247, 246, 198, 29, 43, 39, 40, 15, 240, 244, 243, 233, 16, 33, 33, 199, 213, 0, 0, 0, 0, 0, 0, 0, 0, 0, 0, 0, 0, 0, 0, 0, 0, 0, 0, 0, 0, 0, 0, 0, 0, 0, 0, 0, 0, 0, 0, 0, 0],
	[0, 0, 0, 0, 0, 0, 0, 0, 0, 0, 0, 0, 0, 238, 238, 192, 237, 246, 207, 39, 42, 39, 28, 187, 246, 247, 247, 247, 247, 246, 56, 38, 37, 41, 40, 41, 244, 246, 243, 245, 241, 206, 210, 240, 205, 191, 0, 0, 0, 0, 0, 0, 0, 0, 0, 0, 0, 0, 0, 0, 0, 0, 0, 0, 0, 0, 0, 0, 0, 0, 0, 0, 0, 0, 0, 0, 0],
	[0, 0, 0, 0, 0, 0, 0, 0, 0, 0, 0, 0, 0, 238, 230, 55, 195, 242, 238, 192, 30, 40, 46, 148, 246, 247, 247, 247, 247, 247, 168, 33, 30, 26, 132, 244, 245, 244, 243, 245, 243, 244, 243, 239, 199, 190, 0, 0, 0, 0, 0, 0, 0, 0, 0, 0, 0, 0, 0, 0, 0, 0, 0, 0, 0, 0, 0, 0, 0, 0, 0, 0, 0, 0, 0, 0, 0],
	[0, 0, 0, 0, 0, 0, 0, 0, 0, 0, 0, 0, 0, 235, 243, 245, 243, 245, 241, 245, 242, 102, 71, 241, 246, 247, 247, 247, 247, 247, 236, 239, 242, 246, 244, 242, 242, 245, 243, 246, 244, 245, 238, 232, 199, 196, 196, 0, 0, 0, 0, 0, 0, 0, 0, 0, 0, 0, 0, 0, 0, 0, 0, 0, 0, 0, 0, 0, 0, 0, 0, 0, 0, 0, 0, 0, 0],
	[0, 0, 0, 0, 0, 0, 0, 0, 0, 0, 0, 0, 0, 234, 245, 245, 242, 246, 243, 244, 240, 244, 237, 243, 246, 247, 247, 247, 247, 247, 245, 239, 246, 247, 245, 246, 246, 245, 209, 138, 76, 39, 33, 36, 26, 138, 196, 168, 0, 0, 0, 0, 0, 0, 0, 0, 0, 0, 0, 0, 0, 0, 0, 0, 0, 0, 0, 0, 0, 0, 0, 0, 0, 0, 0, 0, 0],
	[0, 0, 0, 0, 0, 0, 0, 0, 0, 0, 0, 0, 0, 168, 241, 245, 244, 246, 244, 246, 246, 244, 244, 241, 241, 245, 240, 245, 245, 245, 245, 245, 243, 241, 244, 183, 95, 21, 39, 39, 39, 39, 37, 37, 43, 44, 201, 196, 0, 0, 0, 0, 0, 0, 0, 0, 0, 0, 0, 0, 0, 0, 0, 0, 0, 0, 0, 0, 0, 0, 0, 0, 0, 0, 0, 0, 0],
	[0, 0, 0, 0, 0, 0, 0, 0, 0, 0, 0, 0, 0, 40, 26, 42, 107, 206, 243, 245, 246, 245, 246, 239, 246, 246, 235, 244, 244, 245, 237, 162, 235, 245, 189, 33, 38, 39, 39, 39, 38, 38, 33, 44, 45, 48, 201, 196, 191, 0, 0, 0, 0, 0, 0, 0, 0, 0, 0, 0, 0, 0, 0, 0, 0, 0, 0, 0, 0, 0, 0, 0, 0, 0, 0, 0, 0],
	[0, 0, 0, 0, 0, 0, 0, 0, 0, 0, 0, 0, 0, 36, 39, 39, 36, 36, 33, 34, 55, 89, 121, 212, 240, 89, 26, 32, 38, 35, 33, 38, 31, 233, 191, 30, 30, 33, 35, 34, 33, 31, 32, 43, 88, 196, 194, 193, 195, 170, 0, 0, 0, 0, 0, 0, 0, 0, 0, 0, 0, 0, 0, 0, 0, 0, 0, 0, 0, 0, 0, 0, 0, 0, 0, 0, 0],
	[0, 0, 0, 0, 0, 0, 0, 0, 0, 0, 0, 0, 0, 26, 34, 38, 41, 39, 38, 39, 39, 40, 38, 29, 244, 207, 44, 27, 23, 31, 37, 46, 174, 246, 243, 246, 243, 234, 225, 234, 235, 241, 245, 224, 197, 197, 194, 210, 203, 194, 0, 0, 0, 0, 0, 0, 0, 0, 0, 0, 0, 0, 0, 0, 0, 0, 0, 0, 0, 0, 0, 0, 0, 0, 0, 0, 0],
	[0, 0, 0, 0, 0, 0, 0, 0, 0, 0, 0, 0, 0, 228, 195, 190, 187, 173, 137, 83, 40, 27, 29, 65, 245, 238, 245, 246, 245, 246, 245, 243, 244, 246, 246, 244, 244, 246, 243, 244, 245, 245, 244, 204, 195, 195, 59, 29, 45, 143, 196, 0, 0, 0, 0, 0, 0, 0, 0, 0, 0, 0, 0, 0, 0, 0, 0, 0, 0, 0, 0, 0, 0, 0, 0, 0, 0],