	[0, 0, 0, 0, 0, 0, 0, 0, 0, 0, 0, 0, 0, 238, 244, 245, 245, 246, 246, 243, 244, 246, 233, 245, 246, 243, 245, 246, 243, 244, 243, 242, 246, 246, 246, 246, 245, 244, 246, 243, 245, 244, 243, 196, 196, 195, 205, 126, 29, 42, 119, 196, 0, 0, 0, 0, 0, 0, 0, 0, 0, 0, 0, 0, 0, 0, 0, 0, 0, 0, 0, 0, 0, 0, 0, 0, 0],
	[0, 0, 0, 0, 0, 0, 0, 0, 0, 0, 0, 0, 0, 235, 243, 246, 245, 245, 241, 243, 226, 244, 246, 243, 246, 243, 241, 245, 246, 245, 244, 243, 242, 244, 244, 245, 245, 247, 243, 245, 245, 244, 243, 198, 195, 192, 199, 193, 198, 98, 164, 193, 186, 0, 0, 0, 0, 0, 0, 0, 0, 0, 0, 0, 0, 0, 0, 0, 0, 0, 0, 0, 0, 0, 0, 0, 0],
	[0, 0, 0, 0, 0, 0, 0, 0, 0, 0, 0, 0, 0, 197, 139, 72, 49, 57, 197, 241, 32, 22, 68, 236, 246, 244, 242, 244, 244, 244, 246, 239, 179, 34, 19, 180, 243, 245, 64, 23, 25, 21, 29, 19, 115, 196, 190, 197, 198, 198, 195, 191, 190, 165, 0, 0, 0, 0, 0, 0, 0, 0, 0, 0, 0, 0, 0, 0, 0, 0, 0, 0, 0, 0, 0, 0, 0],
	[0, 0, 0, 0, 0, 0, 0, 0, 0, 0, 0, 0, 0, 29, 34, 39, 39, 26, 161, 243, 152, 36, 44, 84, 245, 240, 119, 81, 173, 231, 245, 233, 28, 36, 33, 161, 242, 244, 243, 243, 233, 214, 117, 27, 130, 197, 114, 112, 194, 196, 191, 195, 194, 188, 151, 0, 0, 0, 0, 0, 0, 0, 0, 0, 0, 0, 0, 0, 0, 0, 0, 0, 0, 0, 0, 0, 0],
	[0, 0, 0, 0, 0, 0, 0, 0, 0, 0, 0, 0, 0, 30, 42, 72, 129, 229, 245, 245, 242, 166, 58, 126, 243, 237, 33, 32, 34, 159, 243, 221, 30, 36, 117, 246, 247, 247, 246, 246, 246, 245, 219, 199, 190, 190, 202, 108, 40, 57, 195, 190, 193, 197, 196, 0, 0, 0, 0, 0, 0, 0, 0, 0, 0, 0, 0, 0, 0, 0, 0, 0, 0, 0, 0, 0, 0],
	[0, 0, 0, 0, 0, 0, 0, 0, 0, 0, 0, 0, 0, 225, 246, 243, 246, 244, 244, 246, 244, 242, 245, 241, 246, 244, 240, 233, 229, 244, 245, 237, 235, 242, 240, 245, 247, 247, 246, 246, 246, 245, 211, 193, 190, 192, 193, 192, 198, 175, 197, 200, 198, 196, 193, 192, 0, 0, 0, 0, 0, 0, 0, 0, 0, 0, 0, 0, 0, 0, 0, 0, 0, 0, 0, 0, 0],
	[0, 0, 0, 0, 0, 0, 0, 0, 0, 0, 0, 0, 0, 225, 243, 245, 243, 246, 247, 247, 243, 242, 246, 243, 244, 242, 243, 245, 246, 245, 244, 246, 246, 245, 243, 244, 247, 247, 246, 246, 245, 244, 207, 192, 192, 194, 192, 196, 192, 194, 196, 87, 99, 130, 187, 195, 185, 0, 0, 0, 0, 0, 0, 0, 0, 0, 0, 0, 0, 0, 0, 0, 0, 0, 0, 0, 0],
	[0, 0, 0, 0, 0, 0, 0, 0, 0, 0, 0, 0, 0, 226, 244, 246, 245, 246, 246, 246, 246, 243, 246, 245, 246, 246, 247, 246, 246, 246, 246, 246, 246, 246, 244, 245, 244, 245, 246, 246, 246, 244, 221, 196, 188, 193, 190, 193, 195, 197, 191, 195, 25, 33, 36, 111, 200, 165, 0, 0, 0, 0, 0, 0, 0, 0, 0, 0, 0, 0, 0, 0, 0, 0, 0, 0, 0],
	[0, 0, 0, 0, 0, 0, 0, 0, 0, 0, 0, 0, 0, 112, 83, 66, 60, 63, 78, 94, 114, 135, 169, 224, 244, 243, 246, 246, 246, 246, 245, 241, 237, 244, 203, 158, 118, 75, 45, 35, 31, 31, 33, 55, 185, 196, 125, 90, 178, 198, 196, 195, 174, 36, 42, 40, 73, 196, 0, 0, 0, 0, 0, 0, 0, 0, 0, 0, 0, 0, 0, 0, 0, 0, 0, 0, 0],
	[0, 0, 0, 0, 0, 0, 0, 0, 0, 0, 0, 0, 0, 36, 35, 37, 42, 42, 41, 35, 41, 42, 40, 35, 41, 234, 242, 246, 246, 246, 242, 242, 138, 23, 30, 31, 27, 37, 31, 37, 42, 37, 48, 42, 49, 189, 195, 33, 33, 101, 197, 192, 194, 179, 35, 42, 44, 63, 205, 0, 0, 0, 0, 0, 0, 0, 0, 0, 0, 0, 0, 0, 0, 0, 0, 0, 0],
	[0, 0, 0, 0, 0, 0, 0, 0, 0, 0, 0, 0, 0, 38, 28, 33, 49, 74, 87, 104, 122, 129, 107, 57, 39, 32, 136, 245, 244, 246, 241, 109, 78, 190, 234, 246, 246, 246, 240, 222, 203, 173, 80, 22, 143, 193, 193, 181, 29, 28, 196, 192, 195, 195, 113, 31, 40, 40, 180, 185, 0, 0, 0, 0, 0, 0, 0, 0, 0, 0, 0, 0, 0, 0, 0, 0, 0],
	[0, 0, 0, 0, 0, 0, 0, 0, 0, 0, 0, 0, 0, 153, 242, 243, 245, 245, 246, 244, 245, 245, 246, 243, 245, 159, 185, 245, 245, 246, 244, 224, 244, 245, 246, 246, 245, 245, 246, 244, 243, 245, 243, 202, 184, 194, 202, 184, 179, 87, 198, 198, 192, 196, 204, 39, 34, 30, 143, 194, 159, 0, 0, 0, 0, 0, 0, 0, 0, 0, 0, 0, 0, 0, 0, 0, 0],
	[0, 0, 0, 0, 0, 0, 0, 0, 0, 0, 0, 0, 0, 171, 240, 240, 245, 246, 246, 245, 246, 246, 244, 246, 246, 244, 243, 245, 246, 245, 245, 244, 245, 246, 246, 246, 246, 246, 247, 246, 246, 246, 239, 189, 187, 191, 195, 194, 193, 201, 197, 192, 193, 197, 194, 194, 32, 37, 186, 192, 193, 0, 0, 0, 0, 0, 0, 0, 0, 0, 0, 0, 0, 0, 0, 0, 0],
	[0, 0, 0, 0, 0, 0, 0, 0, 0, 0, 0, 0, 0, 152, 234, 243, 245, 246, 246, 246, 246, 244, 245, 246, 243, 246, 244, 245, 246, 246, 243, 246, 244, 246, 246, 246, 246, 246, 246, 244, 246, 244, 239, 193, 197, 193, 196, 146, 174, 195, 192, 193, 192, 193, 193, 197, 200, 199, 196, 191, 195, 195, 0, 0, 0, 0, 0, 0, 0, 0, 0, 0, 0, 0, 0, 0, 0],
	[0, 0, 0, 0, 0, 0, 0, 0, 0, 0, 0, 0, 0, 0, 224, 243, 245, 246, 246, 246, 242, 242, 242, 244, 247, 246, 247, 247, 247, 247, 242, 246, 246, 246, 233, 239, 246, 246, 246, 246, 246, 245, 231, 193, 195, 194, 190, 204, 34, 182, 188, 191, 192, 192, 196, 194, 194, 192, 195, 78, 196, 196, 168, 0, 0, 0, 0, 0, 0, 0, 0, 0, 0, 0, 0, 0, 0],
	[0, 0, 0, 0, 0, 0, 0, 0, 0, 0, 0, 0, 0, 0, 212, 244, 244, 246, 247, 247, 246, 210, 188, 243, 245, 246, 246, 247, 247, 247, 247, 243, 235, 76, 36, 32, 246, 247, 246, 244, 244, 246, 210, 193, 196, 196, 198, 195, 198, 193, 194, 195, 198, 186, 193, 191, 192, 194, 194, 102, 46, 200, 194, 0, 0, 0, 0, 0, 0, 0, 0, 0, 0, 0, 0, 0, 0],
	[0, 0, 0, 0, 0, 0, 0, 0, 0, 0, 0, 0, 0, 0, 205, 245, 245, 247, 246, 247, 246, 36, 39, 46, 245, 242, 246, 247, 247, 247, 246, 245, 116, 37, 29, 140, 245, 246, 246, 246, 245, 244, 196, 194, 195, 196, 201, 190, 190, 192, 191, 193, 196, 68, 105, 199, 193, 192, 192, 195, 41, 127, 189, 195, 0, 0, 0, 0, 0, 0, 0, 0, 0, 0, 0, 0, 0],
	[0, 0, 0, 0, 0, 0, 0, 0, 0, 0, 0, 0, 0, 0, 200, 246, 243, 244, 246, 244, 243, 235, 154, 35, 116, 243, 244, 247, 247, 247, 244, 242, 244, 219, 239, 245, 243, 246, 243, 245, 244, 241, 193, 193, 194, 194, 194, 193, 179, 194, 194, 192, 181, 28, 34, 126, 192, 189, 192, 185, 158, 156, 192, 195, 157, 0, 0, 0, 0, 0, 0, 0, 0, 0, 0, 0, 0],
	[0, 0, 0, 0, 0, 0, 0, 0, 0, 0, 0, 0, 0, 0, 165, 11, 100, 244, 240, 246, 244, 243, 243, 245, 246, 246, 241, 247, 247, 247, 247, 244, 246, 246, 192, 34, 15, 53, 241, 244, 241, 234, 192, 194, 194, 191, 191, 213, 22, 129, 189, 189, 168, 39, 37, 46, 174, 191, 194, 195, 191, 194, 196, 198, 197, 0, 0, 0, 0, 0, 0, 0, 0, 0, 0, 0, 0],
	[0, 0, 0, 0, 0, 0, 0, 0, 0, 0, 0, 0, 0, 0, 196, 136, 29, 33, 91, 232, 244, 243, 243, 243, 244, 245, 245, 247, 247, 247, 245, 243, 238, 75, 35, 38, 35, 36, 187, 243, 243, 213, 194, 194, 193, 193, 197, 194, 179, 35, 69, 195, 175, 34, 39, 41, 41, 202, 191, 193, 193, 194, 201, 193, 190, 179, 0, 0, 0, 0, 0, 0, 0, 0, 0, 0, 0],
	[0, 0, 0, 0, 0, 0, 0, 0, 0, 0, 0, 0, 0, 0, 191, 233, 223, 43, 38, 29, 203, 240, 243, 246, 247, 247, 247, 247, 247, 246, 243, 233, 29, 40, 35, 84, 152, 201, 246, 245, 244, 196, 193, 193, 193, 190, 190, 192, 189, 186, 42, 199, 192, 35, 39, 37, 28, 180, 193, 194, 193, 189, 17, 153, 192, 197, 0, 0, 0, 0, 0, 0, 0, 0, 0, 0, 0],
	[0, 0, 0, 0, 0, 0, 0, 0, 0, 0, 0, 0, 0, 0, 184, 241, 244, 242, 131, 36, 29, 244, 246, 246, 247, 247, 247, 247, 247, 246, 243, 46, 30, 162, 238, 241, 244, 245, 245, 245, 240, 193, 193, 193, 194, 193, 195, 194, 193, 189, 203, 193, 189, 105, 40, 43, 39, 115, 194, 193, 193, 196, 54, 41, 199, 189, 193, 0, 0, 0, 0, 0, 0, 0, 0, 0, 0],
	[0, 0, 0, 0, 0, 0, 0, 0, 0, 0, 0, 0, 0, 0, 175, 233, 244, 245, 240, 181, 57, 243, 244, 246, 247, 247, 247, 247, 247, 247, 242, 245, 241, 243, 245, 246, 244, 246, 245, 245, 220, 193, 194, 193, 194, 190, 206, 94, 153, 192, 189, 189, 196, 196, 90, 27, 37, 169, 193, 193, 193, 193, 184, 63, 200, 196, 197, 150, 0, 0, 0, 0, 0, 0, 0, 0, 0],
	[0, 0, 0, 0, 0, 0, 0, 0, 0, 0, 0, 0, 0, 0, 159, 212, 244, 246, 246, 246, 246, 246, 246, 246, 247, 247, 247, 247, 247, 247, 246, 246, 246, 244, 246, 246, 245, 246, 244, 242, 205, 191, 189, 192, 195, 199, 201, 48, 39, 133, 192, 193, 193, 193, 197, 187, 203, 190, 191, 197, 191, 193, 193, 196, 198, 200, 28, 121, 0, 0, 0, 0, 0, 0, 0, 0, 0],
	[0, 0, 0, 0, 0, 0, 0, 0, 0, 0, 0, 0, 0, 0, 0, 199, 242, 246, 247, 247, 247, 247, 247, 247, 247, 247, 247, 247, 247, 247, 247, 247, 247, 244, 241, 246, 241, 243, 245, 240, 188, 190, 192, 194, 191, 222, 187, 122, 36, 28, 198, 194, 193, 193, 193, 191, 193, 193, 193, 190, 198, 194, 193, 193, 195, 198, 41, 29, 169, 0, 0, 0, 0, 0, 0, 0, 0],
	[0, 0, 0, 0, 0, 0, 0, 0, 0, 0, 0, 0, 0, 0, 0, 193, 245, 246, 247, 247, 247, 247, 247, 247, 247, 247, 247, 247, 247, 247, 247, 247, 247, 245, 244, 160, 43, 180, 244, 229, 190, 181, 171, 193, 188, 230, 208, 204, 38, 42, 141, 192, 193, 193, 192, 196, 194, 187, 195, 185, 190, 194, 192, 193, 192, 192, 111, 36, 144, 0, 0, 0, 0, 0, 0, 0, 0],
	[0, 0, 0, 0, 0, 0, 0, 0, 0, 0, 0, 0, 0, 0, 0, 187, 243, 245, 246, 247, 245, 244, 241, 240, 241, 245, 246, 247, 246, 246, 246, 244, 240, 196, 51, 32, 41, 210, 242, 205, 200, 41, 30, 198, 193, 239, 236, 192, 177, 34, 55, 197, 194, 196, 194, 193, 199, 38, 47, 206, 193, 193, 198, 199, 192, 194, 200, 54, 152, 158, 0, 0, 0, 0, 0, 0, 0],
	[0, 0, 0, 0, 0, 0, 0, 0, 0, 0, 0, 0, 0, 0, 0, 198, 232, 245, 246, 247, 245, 243, 145, 179, 232, 243, 246, 247, 246, 246, 242, 246, 139, 35, 20, 186, 238, 235, 107, 33, 209, 93, 197, 192, 191, 241, 245, 193, 198, 71, 31, 191, 200, 206, 189, 181, 191, 127, 35, 170, 190, 196, 85, 28, 179, 188, 187, 203, 194, 200, 0, 0, 0, 0, 0, 0, 0],
	[0, 0, 0, 0, 0, 0, 0, 0, 0, 0, 0, 0, 0, 0, 0, 197, 216, 244, 246, 247, 246, 242, 183, 30, 193, 241, 241, 247, 246, 246, 243, 243, 19, 130, 242, 244, 243, 239, 33, 37, 191, 195, 199, 192, 191, 243, 243, 223, 190, 199, 151, 198, 194, 69, 33, 173, 192, 183, 28, 191, 197, 180, 41, 42, 29, 171, 194, 194, 190, 194, 152, 0, 0, 0, 0, 0, 0],
	[0, 0, 0, 0, 0, 0, 0, 0, 0, 0, 0, 0, 0, 0, 0, 201, 210, 243, 245, 247, 242, 238, 246, 29, 38, 245, 239, 247, 246, 246, 246, 246, 246, 246, 246, 246, 243, 167, 35, 66, 198, 192, 192, 192, 192, 239, 237, 240, 189, 197, 190, 191, 196, 45, 37, 40, 204, 195, 201, 196, 194, 142, 42, 38, 37, 43, 199, 190, 201, 23, 205, 0, 0, 0, 0, 0, 0],
	[0, 0, 0, 0, 0, 0, 0, 0, 0, 0, 0, 0, 0, 0, 0, 194, 51, 105, 241, 245, 245, 241, 246, 27, 23, 245, 244, 247, 246, 246, 247, 247, 247, 247, 247, 247, 244, 29, 29, 197, 195, 190, 192, 193, 197, 245, 244, 213, 149, 195, 195, 193, 193, 97, 41, 28, 170, 198, 194, 193, 193, 158, 35, 38, 38, 35, 181, 192, 174, 35, 52, 0, 0, 0, 0, 0, 0],
	[0, 0, 0, 0, 0, 0, 0, 0, 0, 0, 0, 0, 0, 0, 0, 200, 40, 48, 245, 241, 246, 245, 245, 22, 134, 246, 245, 247, 246, 246, 247, 247, 247, 247, 246, 246, 162, 30, 136, 193, 193, 194, 192, 194, 204, 239, 232, 36, 76, 197, 194, 192, 197, 193, 30, 43, 69, 194, 192, 195, 191, 190, 36, 40, 39, 35, 71, 196, 203, 59, 40, 162, 0, 0, 0, 0, 0],
	[0, 0, 0, 0, 0, 0, 0, 0, 0, 0, 0, 0, 0, 0, 0, 178, 69, 37, 173, 244, 244, 245, 243, 236, 243, 239, 242, 245, 246, 246, 242, 246, 243, 245, 245, 242, 198, 76, 201, 195, 193, 193, 193, 192, 212, 245, 25, 61, 244, 196, 193, 195, 193, 196, 56, 33, 32, 206, 193, 194, 193, 196, 70, 42, 38, 38, 42, 201, 197, 191, 32, 96, 0, 0, 0, 0, 0],
	[0, 0, 0, 0, 0, 0, 0, 0, 0, 0, 0, 0, 0, 0, 0, 147, 164, 38, 20, 228, 246, 246, 246, 246, 246, 220, 244, 244, 118, 62, 245, 245, 245, 245, 246, 245, 234, 199, 195, 194, 193, 193, 193, 192, 220, 242, 246, 243, 244, 223, 193, 193, 190, 196, 136, 35, 30, 200, 193, 193, 193, 192, 203, 35, 32, 34, 29, 199, 193, 192, 202, 195, 166, 0, 0, 0, 0],
	[0, 0, 0, 0, 0, 0, 0, 0, 0, 0, 0, 0, 0, 0, 0, 0, 201, 49, 35, 90, 246, 246, 246, 247, 234, 59, 242, 244, 212, 26, 242, 243, 243, 245, 237, 171, 211, 193, 196, 194, 193, 193, 192, 192, 230, 240, 244, 242, 244, 241, 192, 191, 195, 190, 195, 39, 77, 198, 193, 194, 194, 193, 196, 194, 49, 29, 76, 193, 194, 192, 199, 195, 192, 0, 0, 0, 0],
	[0, 0, 0, 0, 0, 0, 0, 0, 0, 0, 0, 0, 0, 0, 0, 0, 192, 199, 41, 136, 244, 244, 245, 243, 173, 32, 246, 246, 237, 32, 196, 240, 244, 245, 68, 41, 181, 190, 197, 194, 192, 160, 192, 192, 235, 244, 246, 244, 246, 241, 206, 195, 191, 192, 195, 207, 200, 195, 193, 193, 195, 195, 196, 191, 194, 201, 201, 198, 195, 192, 193, 193, 192, 0, 0, 0, 0],
	[0, 0, 0, 0, 0, 0, 0, 0, 0, 0, 0, 0, 0, 0, 0, 0, 195, 197, 197, 242, 243, 243, 235, 245, 170, 30, 245, 245, 244, 38, 159, 245, 243, 181, 27, 17, 203, 189, 199, 198, 197, 169, 195, 191, 241, 245, 246, 246, 246, 245, 235, 194, 191, 198, 190, 193, 192, 196, 190, 152, 201, 194, 191, 199, 193, 194, 194, 191, 194, 198, 194, 194, 197, 181, 0, 0, 0],
	[0, 0, 0, 0, 0, 0, 0, 0, 0, 0, 0, 0, 0, 0, 0, 0, 197, 196, 188, 241, 241, 62, 90, 243, 187, 29, 245, 246, 246, 46, 135, 245, 225, 35, 32, 172, 192, 193, 196, 191, 188, 193, 194, 193, 244, 245, 246, 246, 246, 245, 244, 194, 189, 41, 163, 192, 195, 194, 79, 38, 56, 201, 190, 192, 194, 193, 193, 195, 191, 194, 117, 159, 192, 201, 0, 0, 0],
	[0, 0, 0, 0, 0, 0, 0, 0, 0, 0, 0, 0, 0, 0, 0, 0, 193, 133, 193, 208, 244, 31, 34, 158, 209, 27, 246, 246, 246, 63, 106, 246, 31, 21, 177, 185, 190, 205, 69, 40, 202, 196, 194, 195, 245, 244, 247, 246, 246, 245, 240, 210, 170, 34, 33, 189, 190, 192, 58, 39, 39, 145, 188, 193, 193, 194, 193, 192, 186, 189, 152, 23, 173, 193, 0, 0, 0],
	[0, 0, 0, 0, 0, 0, 0, 0, 0, 0, 0, 0, 0, 0, 0, 0, 193, 65, 98, 194, 242, 150, 39, 35, 234, 23, 244, 245, 244, 90, 91, 242, 144, 221, 208, 202, 196, 203, 36, 50, 193, 192, 192, 201, 234, 59, 30, 176, 245, 245, 243, 239, 192, 32, 39, 86, 197, 193, 66, 38, 38, 54, 199, 189, 92, 198, 191, 196, 195, 193, 196, 33, 33, 194, 162, 0, 0],
	[0, 0, 0, 0, 0, 0, 0, 0, 0, 0, 0, 0, 0, 0, 0, 0, 181, 154, 32, 186, 218, 242, 27, 37, 79, 24, 242, 243, 246, 130, 63, 246, 245, 243, 193, 190, 197, 61, 26, 178, 197, 197, 194, 201, 177, 37, 170, 238, 245, 245, 246, 243, 199, 62, 37, 28, 201, 196, 95, 42, 37, 38, 194, 196, 38, 140, 202, 193, 194, 192, 196, 73, 43, 85, 191, 0, 0],
	[0, 0, 0, 0, 0, 0, 0, 0, 0, 0, 0, 0, 0, 0, 0, 0, 170, 197, 33, 46, 197, 242, 176, 37, 34, 31, 244, 244, 240, 181, 43, 242, 242, 218, 194, 189, 198, 50, 161, 195, 193, 191, 193, 210, 240, 244, 245, 239, 235, 76, 241, 242, 219, 147, 39, 35, 165, 184, 135, 39, 39, 33, 191, 199, 36, 36, 208, 194, 193, 194, 193, 139, 38, 27, 203, 0, 0],
	[0, 0, 0, 0, 0, 0, 0, 0, 0, 0, 0, 0, 0, 0, 0, 0, 161, 198, 101, 37, 109, 213, 236, 31, 38, 30, 245, 245, 246, 234, 27, 242, 243, 188, 195, 198, 194, 196, 196, 194, 193, 194, 192, 222, 243, 246, 237, 243, 96, 236, 243, 244, 235, 194, 35, 37, 121, 196, 182, 32, 34, 39, 187, 200, 77, 34, 129, 193, 193, 193, 191, 190, 24, 38, 201, 0, 0],
	[0, 0, 0, 0, 0, 0, 0, 0, 0, 0, 0, 0, 0, 0, 0, 0, 0, 188, 197, 40, 26, 195, 236, 237, 243, 28, 234, 246, 243, 244, 23, 226, 213, 169, 28, 56, 196, 191, 192, 194, 194, 193, 193, 232, 246, 243, 240, 244, 244, 246, 244, 245, 240, 202, 35, 46, 126, 189, 204, 53, 37, 156, 200, 194, 144, 40, 30, 199, 194, 193, 194, 190, 182, 196, 191, 171, 0],
	[0, 0, 0, 0, 0, 0, 0, 0, 0, 0, 0, 0, 0, 0, 0, 0, 0, 198, 192, 203, 171, 192, 181, 238, 240, 40, 222, 246, 245, 246, 50, 204, 176, 39, 35, 41, 195, 193, 193, 194, 193, 193, 196, 239, 246, 244, 246, 245, 245, 244, 244, 244, 242, 201, 109, 23, 178, 191, 196, 197, 201, 191, 198, 194, 190, 34, 33, 201, 193, 193, 193, 192, 190, 197, 193, 192, 0],
	[0, 0, 0, 0, 0, 0, 0, 0, 0, 0, 0, 0, 0, 0, 0, 0, 0, 199, 193, 192, 194, 192, 203, 178, 238, 65, 196, 246, 246, 245, 130, 57, 30, 35, 29, 211, 189, 199, 193, 191, 196, 194, 191, 233, 108, 91, 245, 243, 245, 243, 236, 244, 241, 222, 193, 190, 197, 192, 193, 193, 193, 194, 194, 193, 200, 45, 73, 197, 197, 186, 197, 193, 194, 198, 196, 196, 0],
	[0, 0, 0, 0, 0, 0, 0, 0, 0, 0, 0, 0, 0, 0, 0, 0, 0, 198, 193, 192, 194, 188, 121, 30, 118, 64, 169, 245, 246, 246, 190, 65, 65, 101, 196, 191, 189, 187, 164, 194, 187, 194, 193, 175, 37, 183, 237, 241, 223, 121, 177, 244, 245, 235, 193, 207, 54, 207, 194, 193, 193, 194, 194, 193, 195, 198, 201, 194, 192, 192, 191, 198, 198, 196, 192, 196, 0],
	[0, 0, 0, 0, 0, 0, 0, 0, 0, 0, 0, 0, 0, 0, 0, 0, 0, 198, 193, 193, 199, 192, 201, 30, 30, 85, 181, 245, 245, 246, 212, 44, 202, 200, 186, 187, 194, 189, 32, 127, 195, 189, 192, 243, 243, 245, 244, 121, 41, 28, 69, 245, 243, 237, 193, 19, 177, 195, 193, 194, 193, 193, 194, 193, 196, 193, 191, 196, 189, 196, 54, 171, 193, 197, 193, 189, 0],
	[0, 0, 0, 0, 0, 0, 0, 0, 0, 0, 0, 0, 0, 0, 0, 0, 0, 196, 195, 193, 194, 192, 196, 121, 122, 94, 174, 244, 245, 243, 234, 31, 198, 187, 193, 198, 194, 99, 35, 181, 190, 194, 207, 245, 243, 245, 242, 26, 126, 228, 244, 245, 242, 244, 51, 155, 192, 200, 194, 195, 193, 193, 189, 193, 193, 193, 194, 193, 192, 201, 28, 33, 184, 196, 197, 195, 154],
	[0, 0, 0, 0, 0, 0, 0, 0, 0, 0, 0, 0, 0, 0, 0, 0, 0, 193, 196, 194, 197, 194, 197, 195, 191, 111, 174, 245, 240, 236, 245, 32, 202, 198, 204, 187, 194, 36, 63, 190, 197, 197, 217, 245, 243, 243, 236, 236, 244, 245, 246, 245, 244, 113, 71, 192, 189, 182, 193, 189, 192, 193, 191, 195, 193, 194, 194, 194, 194, 200, 59, 35, 43, 195, 193, 195, 165],