module test_bezier_smooth_closed() {
    echo("==== test_bezier_smooth_closed ====");

    round_d = 10;

    path_pts = [
        [0, 0],
        [40, 0],
        [0, 60]
    ];

    expected = [[0, 10], [0.1, 8.1], [0.4, 6.4], [0.9, 4.9], [1.6, 3.6], [2.5, 2.5], [3.6, 1.6], [4.9, 0.9], [6.4, 0.4], [8.1, 0.1], [10, 0], [30, 0], [31.8445, 0.0832], [33.3781, 0.3328], [34.6008, 0.7488], [35.5125, 1.3313], [36.1132, 2.0801], [36.4031, 2.9954], [36.382, 4.077], [36.0499, 5.3251], [35.4069, 6.7396], [34.453, 8.3205], [5.547, 51.6795], [4.4931, 53.1604], [3.5501, 54.2749], [2.718, 55.023], [1.9969, 55.4046], [1.3868, 55.4199], [0.8875, 55.0687], [0.4992, 54.3512], [0.2219, 53.2672], [0.0555, 51.8168], [0, 50]];
    
    actual = bezier_smooth(path_pts, round_d, closed = true);
    
    assertEqualPoints(expected, actual);
}