module test__edge_set() {
    // Edge set pass through
    assert(_edge_set([[1,1,1,1],[0,1,0,1],[0,0,0,0]]) == [[1,1,1,1],[0,1,0,1],[0,0,0,0]]);

    // Vectors towards corners
    assert(_edge_set([-1,-1,-1]) == [[1,0,0,0],[1,0,0,0],[1,0,0,0]]);
    assert(_edge_set([-1,-1, 1]) == [[0,0,1,0],[0,0,1,0],[1,0,0,0]]);
    assert(_edge_set([-1, 1,-1]) == [[0,1,0,0],[1,0,0,0],[0,0,1,0]]);
    assert(_edge_set([-1, 1, 1]) == [[0,0,0,1],[0,0,1,0],[0,0,1,0]]);
    assert(_edge_set([ 1,-1,-1]) == [[1,0,0,0],[0,1,0,0],[0,1,0,0]]);
    assert(_edge_set([ 1,-1, 1]) == [[0,0,1,0],[0,0,0,1],[0,1,0,0]]);
    assert(_edge_set([ 1, 1,-1]) == [[0,1,0,0],[0,1,0,0],[0,0,0,1]]);
    assert(_edge_set([ 1, 1, 1]) == [[0,0,0,1],[0,0,0,1],[0,0,0,1]]);

    // Vectors towards edges
    assert(_edge_set([ 0,-1,-1]) == [[1,0,0,0],[0,0,0,0],[0,0,0,0]]);
    assert(_edge_set([ 0, 1,-1]) == [[0,1,0,0],[0,0,0,0],[0,0,0,0]]);
    assert(_edge_set([ 0,-1, 1]) == [[0,0,1,0],[0,0,0,0],[0,0,0,0]]);
    assert(_edge_set([ 0, 1, 1]) == [[0,0,0,1],[0,0,0,0],[0,0,0,0]]);
    assert(_edge_set([-1, 0,-1]) == [[0,0,0,0],[1,0,0,0],[0,0,0,0]]);
    assert(_edge_set([ 1, 0,-1]) == [[0,0,0,0],[0,1,0,0],[0,0,0,0]]);
    assert(_edge_set([-1, 0, 1]) == [[0,0,0,0],[0,0,1,0],[0,0,0,0]]);
    assert(_edge_set([ 1, 0, 1]) == [[0,0,0,0],[0,0,0,1],[0,0,0,0]]);
    assert(_edge_set([-1,-1, 0]) == [[0,0,0,0],[0,0,0,0],[1,0,0,0]]);
    assert(_edge_set([ 1,-1, 0]) == [[0,0,0,0],[0,0,0,0],[0,1,0,0]]);
    assert(_edge_set([-1, 1, 0]) == [[0,0,0,0],[0,0,0,0],[0,0,1,0]]);
    assert(_edge_set([ 1, 1, 0]) == [[0,0,0,0],[0,0,0,0],[0,0,0,1]]);

    // Vectors towards faces
    assert(_edge_set([ 0, 0,-1]) == [[1,1,0,0],[1,1,0,0],[0,0,0,0]]);
    assert(_edge_set([ 0, 0, 1]) == [[0,0,1,1],[0,0,1,1],[0,0,0,0]]);
    assert(_edge_set([ 0,-1, 0]) == [[1,0,1,0],[0,0,0,0],[1,1,0,0]]);
    assert(_edge_set([ 0, 1, 0]) == [[0,1,0,1],[0,0,0,0],[0,0,1,1]]);
    assert(_edge_set([-1, 0, 0]) == [[0,0,0,0],[1,0,1,0],[1,0,1,0]]);
    assert(_edge_set([ 1, 0, 0]) == [[0,0,0,0],[0,1,0,1],[0,1,0,1]]);

    // Named edge sets
    assert(_edge_set("X") == [[1,1,1,1],[0,0,0,0],[0,0,0,0]]);
    assert(_edge_set("Y") == [[0,0,0,0],[1,1,1,1],[0,0,0,0]]);
    assert(_edge_set("Z") == [[0,0,0,0],[0,0,0,0],[1,1,1,1]]);
    assert(_edge_set("NONE") == [[0,0,0,0],[0,0,0,0],[0,0,0,0]]);
    assert(_edge_set("ALL") == [[1,1,1,1],[1,1,1,1],[1,1,1,1]]);
}
test__edge_set();