module test_helix_the_same_radius() {
    echo("==== test_helix_the_same_radius ====");

    $fn = 12;

    expected = [[40, 0, 0], [34.641, -20, 0.8333], [20, -34.641, 1.6667], [0, -40, 2.5], [-20, -34.641, 3.3333], [-34.641, -20, 4.1667], [-40, 0, 5], [-34.641, 20, 5.8333], [-20, 34.641, 6.6667], [0, 40, 7.5], [20, 34.641, 8.3333], [34.641, 20, 9.1667], [40, 0, 10], [34.641, -20, 10.8333], [20, -34.641, 11.6667], [0, -40, 12.5], [-20, -34.641, 13.3333], [-34.641, -20, 14.1667], [-40, 0, 15], [-34.641, 20, 15.8333], [-20, 34.641, 16.6667], [0, 40, 17.5], [20, 34.641, 18.3333], [34.641, 20, 19.1667], [40, 0, 20], [34.641, -20, 20.8333], [20, -34.641, 21.6667], [0, -40, 22.5], [-20, -34.641, 23.3333], [-34.641, -20, 24.1667], [-40, 0, 25], [-34.641, 20, 25.8333], [-20, 34.641, 26.6667], [0, 40, 27.5], [20, 34.641, 28.3333], [34.641, 20, 29.1667], [40, 0, 30], [34.641, -20, 30.8333], [20, -34.641, 31.6667], [0, -40, 32.5], [-20, -34.641, 33.3333], [-34.641, -20, 34.1667], [-40, 0, 35], [-34.641, 20, 35.8333], [-20, 34.641, 36.6667], [0, 40, 37.5], [20, 34.641, 38.3333], [34.641, 20, 39.1667], [40, 0, 40], [34.641, -20, 40.8333], [20, -34.641, 41.6667], [0, -40, 42.5], [-20, -34.641, 43.3333], [-34.641, -20, 44.1667], [-40, 0, 45], [-34.641, 20, 45.8333], [-20, 34.641, 46.6667], [0, 40, 47.5], [20, 34.641, 48.3333], [34.641, 20, 49.1667], [40, 0, 50], [34.641, -20, 50.8333], [20, -34.641, 51.6667], [0, -40, 52.5], [-20, -34.641, 53.3333], [-34.641, -20, 54.1667], [-40, 0, 55], [-34.641, 20, 55.8333], [-20, 34.641, 56.6667], [0, 40, 57.5], [20, 34.641, 58.3333], [34.641, 20, 59.1667], [40, 0, 60], [34.641, -20, 60.8333], [20, -34.641, 61.6667], [0, -40, 62.5], [-20, -34.641, 63.3333], [-34.641, -20, 64.1667], [-40, 0, 65], [-34.641, 20, 65.8333], [-20, 34.641, 66.6667], [0, 40, 67.5], [20, 34.641, 68.3333], [34.641, 20, 69.1667], [40, 0, 70], [34.641, -20, 70.8333], [20, -34.641, 71.6667], [0, -40, 72.5], [-20, -34.641, 73.3333], [-34.641, -20, 74.1667], [-40, 0, 75], [-34.641, 20, 75.8333], [-20, 34.641, 76.6667], [0, 40, 77.5], [20, 34.641, 78.3333], [34.641, 20, 79.1667], [40, 0, 80], [34.641, -20, 80.8333], [20, -34.641, 81.6667], [0, -40, 82.5], [-20, -34.641, 83.3333], [-34.641, -20, 84.1667], [-40, 0, 85], [-34.641, 20, 85.8333], [-20, 34.641, 86.6667], [0, 40, 87.5], [20, 34.641, 88.3333], [34.641, 20, 89.1667], [40, 0, 90], [34.641, -20, 90.8333], [20, -34.641, 91.6667], [0, -40, 92.5], [-20, -34.641, 93.3333], [-34.641, -20, 94.1667], [-40, 0, 95], [-34.641, 20, 95.8333], [-20, 34.641, 96.6667], [0, 40, 97.5], [20, 34.641, 98.3333], [34.641, 20, 99.1667], [40, 0, 100]];
    
    actual = helix(
        radius = 40, 
        levels = 10, 
        level_dist = 10, 
        vt_dir = "SPI_UP", 
        rt_dir = "CLK"
    );
    
    assertEqualPoints(expected, actual);
}