	[0, 0, 0, 0, 0, 0, 0, 0, 0, 0, 0, 0, 0, 0, 0, 0, 0, 183, 191, 174, 193, 191, 190, 194, 195, 138, 194, 243, 246, 173, 236, 49, 200, 199, 75, 168, 196, 118, 192, 194, 190, 194, 230, 244, 243, 245, 238, 241, 243, 244, 245, 243, 224, 25, 193, 43, 89, 194, 192, 166, 69, 151, 197, 193, 193, 193, 193, 192, 192, 191, 147, 42, 37, 196, 193, 195, 179],
	[0, 0, 0, 0, 0, 0, 0, 0, 0, 0, 0, 0, 0, 0, 0, 0, 0, 168, 193, 101, 35, 207, 196, 190, 196, 196, 186, 231, 212, 138, 229, 89, 196, 187, 27, 163, 193, 193, 193, 193, 193, 192, 235, 247, 246, 243, 246, 245, 244, 242, 245, 244, 101, 87, 195, 36, 34, 194, 198, 53, 41, 35, 188, 190, 195, 194, 194, 197, 189, 192, 197, 34, 28, 200, 193, 191, 189],
	[0, 0, 0, 0, 0, 0, 0, 0, 0, 0, 0, 0, 0, 0, 0, 0, 0, 151, 192, 162, 32, 143, 189, 193, 197, 196, 167, 214, 239, 241, 239, 198, 194, 182, 113, 196, 193, 194, 193, 193, 192, 192, 240, 243, 245, 246, 246, 247, 245, 183, 102, 146, 28, 191, 198, 36, 37, 175, 196, 77, 37, 37, 70, 193, 193, 194, 194, 194, 189, 193, 193, 193, 196, 193, 193, 191, 191],
	[0, 0, 0, 0, 0, 0, 0, 0, 0, 0, 0, 0, 0, 0, 0, 0, 0, 0, 195, 190, 36, 118, 192, 191, 201, 201, 0, 197, 245, 242, 245, 206, 189, 192, 192, 189, 193, 194, 194, 194, 192, 192, 242, 245, 245, 246, 246, 245, 242, 88, 49, 46, 42, 205, 203, 31, 31, 189, 196, 127, 38, 40, 29, 206, 193, 193, 194, 192, 186, 198, 190, 196, 191, 194, 193, 192, 194],
	[0, 0, 0, 0, 0, 0, 0, 0, 0, 0, 0, 0, 0, 0, 0, 0, 0, 0, 195, 195, 147, 196, 199, 193, 196, 199, 0, 169, 234, 243, 244, 200, 193, 196, 193, 200, 195, 190, 188, 191, 193, 198, 243, 246, 224, 59, 85, 245, 245, 245, 246, 137, 58, 194, 192, 41, 35, 206, 192, 186, 31, 39, 35, 195, 192, 194, 193, 86, 27, 163, 194, 193, 193, 193, 202, 197, 192],
	[0, 0, 0, 0, 0, 0, 0, 0, 0, 0, 0, 0, 0, 0, 0, 0, 0, 0, 194, 193, 195, 195, 98, 100, 196, 191, 0, 0, 226, 244, 244, 198, 192, 199, 192, 181, 193, 193, 173, 196, 198, 204, 242, 127, 33, 35, 122, 241, 243, 246, 246, 88, 78, 190, 192, 202, 201, 190, 192, 204, 46, 39, 34, 187, 194, 195, 200, 38, 44, 53, 197, 194, 192, 199, 54, 202, 199],
	[0, 0, 0, 0, 0, 0, 0, 0, 0, 0, 0, 0, 0, 0, 0, 0, 0, 0, 195, 195, 191, 196, 116, 25, 194, 195, 0, 0, 147, 242, 243, 196, 192, 193, 67, 172, 194, 187, 33, 154, 188, 217, 238, 88, 112, 215, 246, 240, 246, 245, 245, 63, 90, 192, 194, 196, 191, 185, 195, 196, 119, 38, 35, 189, 196, 191, 199, 52, 44, 28, 202, 195, 194, 194, 30, 170, 196],
	[0, 0, 0, 0, 0, 0, 0, 0, 0, 0, 0, 0, 0, 0, 0, 0, 0, 0, 194, 193, 193, 198, 169, 39, 198, 197, 0, 0, 0, 238, 243, 195, 192, 134, 38, 119, 192, 194, 45, 199, 193, 231, 242, 245, 243, 246, 237, 240, 244, 245, 245, 54, 88, 195, 195, 199, 193, 195, 196, 194, 207, 34, 30, 191, 190, 193, 185, 142, 45, 31, 204, 193, 196, 180, 34, 58, 201],
	[0, 0, 0, 0, 0, 0, 0, 0, 0, 0, 0, 0, 0, 0, 0, 0, 0, 0, 195, 194, 190, 201, 198, 198, 181, 195, 0, 0, 0, 207, 242, 199, 199, 37, 38, 209, 195, 192, 202, 194, 194, 238, 246, 247, 243, 246, 195, 83, 238, 246, 245, 48, 90, 195, 197, 199, 193, 194, 195, 197, 189, 152, 120, 203, 189, 194, 194, 69, 47, 31, 200, 195, 196, 163, 41, 36, 201],
	[0, 0, 0, 0, 0, 0, 0, 0, 0, 0, 0, 0, 0, 0, 0, 0, 0, 0, 192, 194, 193, 196, 193, 195, 194, 193, 0, 0, 0, 136, 245, 195, 192, 119, 176, 192, 196, 193, 194, 194, 192, 243, 246, 246, 247, 104, 46, 111, 237, 246, 245, 45, 84, 194, 194, 198, 194, 197, 117, 192, 192, 190, 196, 191, 197, 193, 205, 27, 212, 185, 192, 197, 194, 170, 39, 28, 196],
	[0, 0, 0, 0, 0, 0, 0, 0, 0, 0, 0, 0, 0, 0, 0, 0, 0, 0, 191, 194, 200, 19, 196, 193, 190, 196, 0, 0, 0, 0, 234, 191, 193, 190, 193, 188, 191, 191, 194, 193, 190, 245, 246, 243, 247, 247, 247, 245, 242, 246, 245, 47, 80, 194, 192, 195, 192, 141, 43, 115, 194, 194, 194, 200, 196, 195, 183, 201, 192, 195, 191, 194, 192, 191, 28, 50, 192],
	[0, 0, 0, 0, 0, 0, 0, 0, 0, 0, 0, 0, 0, 0, 0, 0, 0, 0, 184, 193, 197, 44, 132, 194, 194, 192, 0, 0, 0, 0, 186, 190, 190, 194, 192, 195, 193, 190, 194, 193, 207, 245, 246, 247, 247, 247, 247, 247, 247, 244, 246, 65, 59, 195, 195, 201, 197, 54, 36, 138, 197, 192, 192, 193, 194, 195, 193, 195, 193, 194, 194, 192, 194, 195, 180, 201, 180],
	[0, 0, 0, 0, 0, 0, 0, 0, 0, 0, 0, 0, 0, 0, 0, 0, 0, 0, 184, 194, 195, 111, 101, 198, 69, 166, 0, 0, 0, 0, 0, 192, 190, 193, 194, 195, 146, 17, 191, 194, 222, 244, 245, 247, 247, 247, 247, 247, 247, 242, 245, 105, 37, 195, 192, 184, 198, 61, 25, 184, 192, 189, 199, 190, 200, 197, 195, 195, 193, 194, 194, 194, 194, 193, 195, 195, 171],
	[0, 0, 0, 0, 0, 0, 0, 0, 0, 0, 0, 0, 0, 0, 0, 0, 0, 0, 181, 192, 196, 198, 194, 195, 106, 179, 0, 0, 0, 0, 0, 199, 196, 193, 195, 196, 94, 26, 198, 192, 233, 241, 246, 246, 246, 246, 246, 246, 246, 245, 245, 156, 33, 200, 195, 196, 195, 196, 182, 196, 199, 195, 195, 192, 42, 48, 86, 193, 193, 192, 193, 194, 193, 192, 192, 192, 156],
	[0, 0, 0, 0, 0, 0, 0, 0, 0, 0, 0, 0, 0, 0, 0, 0, 0, 0, 179, 193, 192, 193, 193, 190, 192, 195, 0, 0, 0, 0, 0, 198, 189, 195, 190, 187, 93, 78, 197, 192, 241, 244, 239, 245, 244, 244, 244, 245, 246, 245, 244, 228, 20, 198, 194, 194, 193, 194, 198, 177, 163, 193, 203, 171, 29, 42, 44, 38, 205, 197, 195, 175, 113, 193, 193, 192, 0],
	[0, 0, 0, 0, 0, 0, 0, 0, 0, 0, 0, 0, 0, 0, 0, 0, 0, 0, 189, 195, 190, 196, 191, 197, 186, 198, 155, 164, 164, 166, 187, 196, 193, 197, 195, 198, 199, 197, 196, 197, 222, 222, 234, 226, 233, 232, 235, 237, 240, 239, 240, 233, 187, 191, 190, 193, 193, 195, 145, 40, 36, 53, 199, 194, 196, 72, 42, 37, 87, 193, 188, 94, 35, 193, 194, 201, 0],
	[0, 0, 0, 0, 0, 0, 0, 0, 0, 0, 0, 0, 0, 0, 163, 180, 195, 201, 189, 195, 197, 191, 179, 95, 160, 198, 194, 194, 193, 194, 186, 114, 169, 192, 194, 117, 123, 195, 192, 192, 191, 196, 50, 145, 191, 195, 192, 193, 195, 198, 189, 192, 197, 200, 192, 197, 195, 195, 112, 41, 40, 35, 155, 193, 195, 171, 43, 38, 31, 199, 202, 70, 38, 197, 193, 199, 0],
	[0, 0, 0, 0, 0, 0, 0, 0, 0, 0, 0, 187, 201, 195, 199, 198, 131, 42, 200, 194, 190, 200, 79, 47, 24, 39, 209, 193, 195, 198, 27, 37, 34, 145, 198, 74, 35, 104, 196, 195, 195, 154, 35, 36, 191, 194, 209, 103, 45, 36, 143, 195, 196, 202, 48, 32, 140, 197, 194, 31, 40, 40, 32, 200, 193, 187, 39, 34, 24, 195, 198, 54, 41, 201, 192, 170, 0],
	[0, 0, 0, 0, 0, 0, 0, 0, 0, 189, 197, 65, 35, 80, 196, 192, 108, 42, 78, 190, 194, 190, 194, 68, 38, 38, 37, 197, 195, 165, 38, 36, 37, 22, 203, 194, 192, 198, 193, 194, 191, 164, 36, 34, 192, 194, 136, 41, 39, 41, 38, 200, 192, 192, 32, 36, 30, 196, 193, 200, 37, 39, 39, 170, 193, 194, 41, 35, 108, 194, 192, 193, 176, 192, 195, 0, 0],
	[0, 0, 0, 0, 0, 0, 0, 193, 189, 196, 193, 71, 43, 26, 106, 190, 207, 37, 31, 203, 195, 195, 184, 201, 30, 37, 35, 168, 193, 163, 37, 39, 37, 28, 194, 191, 193, 188, 186, 189, 190, 187, 37, 60, 205, 194, 56, 36, 32, 40, 30, 197, 195, 164, 38, 36, 39, 109, 193, 204, 37, 37, 32, 123, 184, 194, 210, 208, 186, 194, 202, 194, 193, 188, 173, 0, 0],
	[0, 0, 0, 0, 0, 162, 197, 191, 198, 193, 196, 199, 64, 37, 46, 198, 193, 174, 171, 189, 192, 191, 193, 193, 190, 35, 40, 122, 191, 194, 37, 37, 36, 32, 197, 196, 196, 176, 139, 137, 199, 192, 177, 194, 190, 200, 35, 39, 38, 41, 46, 196, 195, 162, 37, 40, 40, 51, 199, 197, 46, 38, 42, 144, 193, 27, 31, 100, 192, 195, 191, 193, 197, 197, 0, 0, 0],
	[0, 0, 0, 0, 190, 143, 23, 40, 68, 200, 190, 202, 176, 30, 53, 199, 198, 202, 194, 180, 201, 205, 194, 189, 183, 193, 96, 199, 198, 196, 49, 36, 44, 29, 201, 188, 118, 30, 45, 33, 66, 202, 191, 192, 196, 196, 30, 39, 38, 41, 99, 196, 192, 178, 35, 35, 39, 36, 189, 197, 95, 39, 31, 202, 149, 37, 40, 28, 204, 192, 194, 193, 189, 152, 0, 0, 0],
	[0, 0, 0, 194, 194, 49, 41, 41, 39, 77, 200, 188, 193, 171, 99, 53, 112, 193, 198, 176, 31, 36, 179, 190, 189, 200, 198, 200, 197, 198, 183, 32, 41, 138, 192, 202, 36, 36, 35, 39, 39, 201, 189, 196, 195, 198, 44, 40, 41, 35, 194, 193, 187, 204, 38, 42, 36, 84, 193, 189, 199, 174, 200, 195, 50, 36, 36, 34, 183, 193, 190, 195, 184, 0, 0, 0, 0],
	[0, 0, 198, 196, 201, 43, 40, 39, 41, 40, 148, 196, 193, 195, 32, 42, 41, 97, 194, 116, 39, 38, 27, 201, 194, 192, 197, 54, 45, 197, 195, 200, 202, 192, 195, 199, 34, 41, 37, 36, 39, 203, 148, 199, 195, 193, 171, 31, 41, 167, 201, 169, 26, 32, 185, 39, 55, 199, 148, 27, 124, 192, 193, 199, 39, 36, 39, 35, 128, 195, 193, 192, 0, 0, 0, 0, 0],
	[0, 192, 201, 195, 197, 97, 43, 38, 39, 38, 48, 197, 199, 81, 38, 35, 39, 37, 199, 137, 40, 40, 41, 154, 192, 194, 191, 34, 40, 58, 191, 191, 195, 101, 193, 190, 35, 36, 41, 35, 107, 63, 43, 41, 199, 191, 189, 204, 208, 191, 193, 106, 40, 42, 175, 203, 194, 198, 35, 38, 31, 199, 195, 197, 34, 39, 39, 33, 181, 190, 193, 0, 0, 0, 0, 0, 0],
	[161, 91, 41, 156, 195, 197, 33, 40, 40, 38, 50, 197, 192, 189, 31, 45, 40, 33, 179, 196, 35, 40, 33, 113, 194, 194, 188, 35, 40, 31, 197, 198, 183, 38, 57, 213, 33, 41, 39, 39, 205, 46, 46, 34, 141, 194, 201, 36, 28, 178, 196, 116, 36, 33, 102, 195, 194, 180, 34, 38, 37, 161, 194, 200, 99, 27, 30, 79, 204, 179, 0, 0, 0, 0, 0, 0, 0],
	[198, 22, 44, 37, 189, 188, 196, 64, 38, 33, 124, 192, 195, 199, 146, 27, 37, 31, 189, 192, 119, 24, 27, 173, 192, 194, 200, 31, 44, 28, 195, 193, 196, 83, 86, 202, 102, 35, 32, 112, 192, 76, 39, 39, 94, 199, 61, 43, 32, 163, 192, 173, 39, 40, 83, 194, 190, 189, 36, 31, 33, 165, 195, 193, 194, 190, 198, 197, 0, 0, 0, 0, 0, 0, 0, 0, 0],
	[190, 193, 42, 43, 76, 197, 193, 196, 188, 177, 123, 193, 195, 191, 195, 181, 127, 162, 194, 194, 195, 204, 203, 194, 193, 192, 194, 102, 39, 124, 199, 197, 193, 197, 196, 193, 201, 187, 188, 200, 191, 178, 34, 34, 142, 199, 46, 40, 35, 179, 191, 199, 84, 36, 166, 191, 197, 205, 52, 34, 39, 203, 191, 191, 195, 190, 148, 0, 0, 0, 0, 0, 0, 0, 0, 0, 0],
	[194, 197, 176, 38, 37, 198, 186, 190, 196, 143, 26, 190, 187, 195, 185, 188, 199, 187, 198, 193, 167, 0, 0, 0, 0, 148, 155, 184, 200, 203, 198, 196, 196, 195, 199, 192, 192, 189, 187, 196, 196, 188, 143, 82, 203, 192, 180, 36, 62, 194, 198, 192, 200, 197, 194, 199, 193, 188, 204, 190, 205, 188, 199, 158, 0, 0, 0, 0, 0, 0, 0, 0, 0, 0, 0, 0, 0],
	[198, 191, 200, 139, 189, 195, 190, 193, 196, 200, 155, 198, 192, 189, 195, 184, 155, 0, 0, 0, 0, 0, 0, 0, 0, 0, 0, 0, 0, 0, 0, 0, 0, 0, 0, 0, 159, 170, 178, 189, 187, 195, 196, 194, 192, 197, 192, 201, 197, 196, 196, 195, 195, 188, 196, 196, 188, 180, 166, 150, 0, 0, 0, 0, 0, 0, 0, 0, 0, 0, 0, 0, 0, 0, 0, 0, 0],
	[196, 188, 193, 191, 185, 194, 191, 190, 196, 191, 194, 195, 162, 0, 0, 0, 0, 0, 0, 0, 0, 0, 0, 0, 0, 0, 0, 0, 0, 0, 0, 0, 0, 0, 0, 0, 0, 0, 0, 0, 0, 0, 0, 0, 0, 0, 0, 0, 0, 0, 0, 0, 0, 0, 0, 0, 0, 0, 0, 0, 0, 0, 0, 0, 0, 0, 0, 0, 0, 0, 0, 0, 0, 0, 0, 0, 0],
	[196, 188, 193, 191, 185, 194, 191, 190, 196, 191, 194, 195, 162, 0, 0, 0, 0, 0, 0, 0, 0, 0, 0, 0, 0, 0, 0, 0, 0, 0, 0, 0, 0, 0, 0, 0, 0, 0, 0, 0, 0, 0, 0, 0, 0, 0, 0, 0, 0, 0, 0, 0, 0, 0, 0, 0, 0, 0, 0, 0, 0, 0, 0, 0, 0, 0, 0, 0, 0, 0, 0, 0, 0, 0, 0, 0, 0]
];

dots = vx_gray(levels, center = true, invert = true, normalize = true);
linear_extrude(1.5) difference() {
    translate([6.5, -10]) 
	rotate(22.5) 
	    polygon(shape_taiwan(250));    
		
    for(dot = dots) {
        translate(dot[0]) 
            square(0.7 * dot[1]);
    }
}