function set_visited(x, y, cells) = 
    m_replace(cells, y, x, [x, y, get_type(cells[y][x]), VISITED]);
    
// 0(right), 1(top), 2(left), 3(bottom)
_rand_dir_table = [
    [0, 1, 2, 3],
    [0, 1, 3, 2],
    [0, 2, 1, 3],
    [0, 2, 3, 1],
    [0, 3, 1, 2],
    [0, 3, 2, 1],
    [1, 0, 2, 3],
    [1, 0, 3, 2],
    [1, 2, 0, 3],
    [1, 2, 3, 0],
    [1, 3, 0, 2],
    [1, 3, 2, 0],
    [2, 0, 1, 3],
    [2, 0, 3, 1],
    [2, 1, 0, 3],
    [2, 1, 3, 0],
    [2, 3, 0, 1],
    [2, 3, 1, 0],
    [3, 0, 1, 2],
    [3, 0, 2, 1],
    [3, 1, 0, 2],
    [3, 1, 2, 0],
    [3, 2, 0, 1],
    [3, 2, 1, 0]
];