DuetE = ["DuetE", "Duet 2 Ethernet electronics",
                                     123,   100,   1.6, 0,    4.2,  0, "#2140BE",  false, [[-4, 4], [-4, -4], [4, -4],[4, 4]],
                                                                    [[ 18.5, -69.15, 0, "pcb", 5, Ethernet],
                                                                     [ 42.9, -3.2,   90, "molex_hdr", 4],
                                                                     [ 59.8, -3.2,   90, "molex_hdr", 4],
                                                                     [ 76.2, -3.2,   90, "molex_hdr", 4],
                                                                     [ 92.6, -3.2,   90, "molex_hdr", 4],
                                                                     [109.9, -3.2,   90, "molex_hdr", 4],
                                                                     [109.9, -9.6,   90, "molex_hdr", 4],

                                                                     [119.7, -31,     0, "molex_hdr", 3],
                                                                     [119.7, -88.6,   0, "molex_hdr", 2],

                                                                     [114.9, -75.1,   0, "gterm635",  2],
                                                                     [114.9, -43.5,   0, "gterm635",  2],

                                                                     [   39, -97,   -90, "molex_hdr", 4],
                                                                     [ 27.9, -97,   -90, "molex_hdr", 4],

                                                                     [ 83.7, -38.7, -90, "molex_hdr", 3],
                                                                     [ 74.3, -40.7, -90, "molex_hdr", 3],
                                                                     [ 64.0, -40.7, -90, "molex_hdr", 3],
                                                                     [ 54.0, -40.7, -90, "molex_hdr", 3],
                                                                     [ 44.1, -40.7, -90, "molex_hdr", 3],
                                                                     [ 35.0, -40.7, -90, "molex_hdr", 2],
                                                                     [ 28.9, -40.7, -90, "molex_hdr", 2],

                                                                     [103.0, -48.8, -90, "molex_hdr", 2],
                                                                     [ 97.0, -48.8, -90, "molex_hdr", 2],
                                                                     [ 90.3, -48.8, -90, "molex_hdr", 2],
                                                                     [ 84.1, -48.8, -90, "molex_hdr", 2],
                                                                     [ 77.9, -48.8, -90, "molex_hdr", 2],

                                                                     [105.2, -54.9,  0, "2p54header", 2, 1],
                                                                     [ 98.4, -54.9,  0, "2p54header", 2, 1],
                                                                     [ 90.2, -54.9,  0, "2p54header", 3, 1],
                                                                     [ 61.7, -83.1,  0, "2p54header", 5, 2],

                                                                     [ 29.5, -3.6,   90, "gterm35", 4],

                                                                     [ 45.0, -70.8,  45, "chip", 19, 19, 1.5],
                                                                     [ 34.6, -18.8,   0, "chip", 10, 10, 2],
                                                                     [ 53.2, -18.8,   0, "chip", 10, 10, 2],
                                                                     [ 71.8, -18.8,   0, "chip", 10, 10, 2],
                                                                     [ 90.4, -18.8,   0, "chip", 10, 10, 2],
                                                                     [109.9, -22.0,   0, "chip", 10, 10, 2],

                                                                     [105.8, -86.3,   0, "2p54boxhdr", 5, 2],
                                                                     [ 85.2, -86.3,   0, "2p54boxhdr", 5, 2],
                                                                     [ 79.9, -95.7, 180, "2p54boxhdr", 25, 2],