module test_c_mul() {
    assert_equal(c_mul([4,5],[9,-4]), [56,29]);
    assert_equal(c_mul([-7,2],[24,3]), [-174, 27]);
    assert_equal(c_mul([3,4], [[3,-7], [4,9], [4,8]]), [[37,-9],[-24,43], [-20,40]]);
    assert_equal(c_mul([[3,-7], [4,9], [4,8]], [[1,1],[3,4],[-3,4]]), [-58,31]);
    M = [
           [ [3,4], [9,-1], [4,3] ],
           [ [2,9], [4,9], [3,-1] ]
        ];
    assert_equal(c_mul(M, [ [3,4], [4,4],[5,5]]), [[38,91], [-30, 97]]);
    assert_equal(c_mul([[4,4],[9,1]], M), [[5,111],[67,117], [32,22]]);
    assert_equal(c_mul(M,transpose(M)), [  [[80,30], [30, 117]], [[30,117], [-134, 102]]]);
    assert_equal(c_mul(transpose(M),M), [  [[-84,60],[-42,87],[15,50]], [[-42,87],[15,54],[60,46]], [[15,50],[60,46],[15,18]]]);
}
test_c_mul();