module test_vnf_vertex_array() {
    vnf1 = vnf_vertex_array(
        points=[for (h=[0:100:100]) [[100,-50,h],[-100,-50,h],[0,100,h]]],
        col_wrap=true, caps=true
    );
    vnf2 = vnf_vertex_array(
        points=[for (h=[0:100:100]) [[100,-50,h],[-100,-50,h],[0,100,h]]],
        col_wrap=true, caps=true, style="alt"
    );
    vnf3 = vnf_vertex_array(
        points=[for (h=[0:100:100]) [[100,-50,h],[-100,-50,h],[0,100,h]]],
        col_wrap=true, caps=true, style="quincunx"
    );
    assert(vnf1 == [[[100,-50,0],[-100,-50,0],[0,100,0],[100,-50,100],[-100,-50,100],[0,100,100]],[[2,1,0],[3,4,5],[0,4,3],[0,1,4],[1,5,4],[1,2,5],[2,3,5],[2,0,3]]]);
    assert(vnf2 == [[[100,-50,0],[-100,-50,0],[0,100,0],[100,-50,100],[-100,-50,100],[0,100,100]],[[2,1,0],[3,4,5],[0,1,3],[3,1,4],[1,2,4],[4,2,5],[2,0,5],[5,0,3]]]);
    assert(vnf3 == [[[100,-50,0],[-100,-50,0],[0,100,0],[100,-50,100],[-100,-50,100],[0,100,100],[0,-50,50],[-50,25,50],[50,25,50]],[[2,1,0],[3,4,5],[0,6,3],[3,6,4],[4,6,1],[1,6,0],[1,7,4],[4,7,5],[5,7,2],[2,7,1],[2,8,5],[5,8,3],[3,8,0],[0,8,2]]]);
}
test_vnf_vertex_array();


// vim: expandtab tabstop=4 shiftwidth=4 softtabstop=4 nowrap