module test_point_in_region(){
   region = [for(i=[2:8]) hexagon(r=i)];
   pir=[for(x=[-6:6],y=[-6:6]) point_in_region([x,y],region)];
   assert_equal(pir,
          [-1, -1, -1, 1, 1, -1, 0, -1, 1, 1, -1, -1, -1, -1, 1, 1,
          -1, -1, 1, 0, 1, -1, -1, 1, 1, -1, 1, -1, -1, 1, 1, -1, 0,
          -1, 1, 1, -1, -1, 1, -1, 1, 1, -1, -1, 1, 0, 1, -1, -1, 1,
          1, -1, -1, 1, -1, 1, 1, -1, 0, -1, 1, 1, -1, 1, -1, -1, 1,
          -1, 1, -1, 1, 1, 1, -1, 1, -1, 1, -1, -1, 1, -1, 1, -1, 1,
          1, 1, -1, 1, -1, 1, -1, -1, 1, -1, 1, -1, 1, 1, 1, -1, 1,
          -1, 1, -1, -1, 1, -1, 1, 1, -1, 0, -1, 1, 1, -1, 1, -1, -1,
          1, 1, -1, -1, 1, 0, 1, -1, -1, 1, 1, -1, 1, -1, -1, 1, 1,
          -1, 0, -1, 1, 1, -1, -1, 1, -1, 1, 1, -1, -1, 1, 0, 1, -1,
          -1, 1, 1, -1, -1, -1, -1, 1, 1, -1, 0, -1, 1, 1, -1, -1, -1]);
}
test_point_in_region();