module test_poly_roots(){
   // Fifth roots of unity
   assert_approx(
        poly_roots([1,0,0,0,0,-1]),
        [[1,0],[0.309016994375,0.951056516295],[-0.809016994375,0.587785252292],
         [-0.809016994375,-0.587785252292],[0.309016994375,-0.951056516295]]);
   assert_approx(poly_roots(poly_mult([[1,-2,5],[12,-24,24],[-2, -12, -20],[1,-10,50]])),
               [[1, 1], [5, 5], [1, 2], [-3, 1], [-3, -1], [1, -1], [1, -2], [5, -5]]);
   assert_approx(poly_roots([.124,.231,.942, -.334]),
                 [[0.3242874219074053,0],[-1.093595323856930,2.666477428660098], [-1.093595323856930,-2.666477428660098]]);
}
test_poly_roots();